["1000",
{"cxs":[
{"cs":[335,341,346,352,358,392,398,403,409,414,448,454,460,465,471,505,510,516,521,527,561,567,573,578,584,617,623,628,634,639,674,679,685,690,696,747,752,758,764,769,808,813,819,824,830,876,882,887,893,898,935,940,946,952,957,993,999,1005,1010,1016,1052,1058,1063,1069,1075,1110,1116,1122,1127,1133],"xs":{"x1":237,"x2":940}}],
"bxs":[
[237,366,940]]},
{"cxs":[
{"cs":[69,78,83,87,94,141,145,150,152,157],"xs":{"x1":88,"x2":940}},
{"cs":[241,246,250,253,259,290,295,300,306,312,344,350,351,357,361,393,399,404,410,415,447,450,455,459,464,497,503,508,514,518,550,552,557,562,568,620,629,641,646,681,686,692,697,703,760,766,772,781,785,815,820,828,835,841,865,871,880,885,890,918,924,934,939,944],"xs":{"x1":82,"x2":941}},
{"cs":[1029,1035,1041,1045,1050,1087,1094,1099,1105,1110],"xs":{"x1":85,"x2":942}}],
"bxs":[
[88,937],
[82,213,941],
[85,941]]},
{"cxs":[
{"cs":[103,109,114,119,124,150,151,156,161,168,191,197,202,208,213,238,242,248,250,255,279,284,288,295,301,321,329,336,341,346,366,372,381,385,391,439,444,449,451,456,490,496,501,507,513,550,552,557,562,569,591,597,603,608,614,637,642,647,650,655,678,683,687,694,699],"xs":{"x1":84,"x2":937}},
{"cs":[757,761,768,776,782,808,813,817,823,832],"xs":{"x1":87,"x2":938}},
{"cs":[883,887,893,899,905,941,945,950,952,958,982,987,992,998,1003,1042,1047,1050,1055,1059,1088,1095,1101,1106,1113,1141,1146,1150,1154,1159,1187,1194,1199,1204,1210],"xs":{"x1":82,"x2":942}}],
"bxs":[
[84,194,705,801,937],
[87,608,936],
[82,202,344,444,577,672,816,942]]},
{"cxs":[
{"cs":[97,107,113,131,138,142,148,150,178,183,187,194,199,214,219,224,234,239,250,255,260,265,271,290,296,301,307,313,335,341,345,350,351,376,382,386,392,397,413,417,422,431,437,451,457,462,468,477,497,502,508,513,518,601,606,613,617,622],"xs":{"x1":83,"x2":935}},
{"cs":[659,664,670,679,683,699,705,710,716,720,741,746,750,752,758,785,791,797,802,808,823,832,839,843,849,863,870,878,883,887,913,917,922,930,937,953,958,963,969,978,993,999,1005,1010,1016,1046,1050,1052,1058,1063,1090,1096,1101,1107,1113,1140,1144,1150,1151,1156,1183,1187,1193,1204],"xs":{"x1":84,"x2":943}}],
"bxs":[
[83,340,538,734,935],
[84,239,334,431,532,620,730,835,943]]},
{"cxs":[
{"cs":[106,113,117,122,130,149,150,155,159,165,192,198,203,209,214,235,241,246,250,252,270,278,283,287,294,317,323,332,338,343,348,350,360,366,372,381,386,409,415,420,428,435,449,450,455,460,465,493,499,505,510,516,537,542,548,550,554,572,581,585,591,596,614,618,624,634,639],"xs":{"x1":82,"x2":936}},
{"cs":[676,682,686,692,698,717,721,730,736,741,765,771,780,784,790,809,815,819,828,835,850,853,858,863,870,890,896,907,913,934,939,943,949,950,978,983,987,993,999,1013,1018,1032,1039,1192,1203,1209],"xs":{"x1":82,"x2":941}}],
"bxs":[
[82,213,314,423,532,676,814,932],
[82,238,362,485,592,701,817,941]]},
{"cxs":[
{"cs":[99,105,111,116,121,152,158,163,169,178,205,211,216,221,230,250,256,261,267,276,312,317,321,330,336,351,357,362,368,377,416,421,429,436,468,472,480,486,490,520,529,535,541,546,570,579,584,589,594],"xs":{"x1":83,"x2":937}},
{"cs":[651,657,662,668,677,703,709,713,718,724,750,753,759,764,769,799,805,811,815,820,849,850,855,860,866,903,908,913,918,924,950,950,956,960,966,1005,1011,1016,1021,1029,1035,1059,1065,1071,1080,1085,1114,1119,1128,1133,1139,1163,1169,1178,1183,1188],"xs":{"x1":83,"x2":943}}],
"bxs":[
[83,241,339,441,541,643,731,836,937],
[83,234,339,437,540,640,692,840,943]]},
{"cxs":[
{"cs":[102,108,113,118,124,145,150,151,156,161,182,187,191,197,203,235,241,246,250,252,265,271,280,285,289,308,314,318,324,333,339,351,357,361,367,376,397,403,408,413,418,435,441,446,450,452,483,488,494,500,506,531,536,541,547,550,569,578,583,588,593,616,621,630,635],"xs":{"x1":82,"x2":936}},
{"cs":[670,679,683,688,694,715,720,729,734,740,750,753,759,764,770,801,807,812,817,822,831,850,855,860,866,872,893,899,905,910,916,941,947,950,953,958,979,984,989,995,1000,1015,1020,1029,1035,1040,1060,1066,1072,1080,1085,1106,1112,1117,1122,1130,1150,1151,1157,1162,1168,1189,1195,1201,1207,1213],"xs":{"x1":82,"x2":943}}],
"bxs":[
[82,276,385,552,683,782,933],
[82,261,435,600,766,943]]},
{"cxs":[
{"cs":[93,99,105,110,116,135,141,147,152,157,178,183,189,195,201,234,240,245,250,256,280,285,290,296,302,319,324,330,336,341,363,369,375,381,385,412,417,423,428,441,447,452,457,463,493,499,505,511,516,533,539,545,550,555,574,579,584,590,596,621,627,632,638,644],"xs":{"x1":85,"x2":938}},
{"cs":[679,685,690,696,702,723,729,735,740,746,765,770,776,782,787,813,818,823,829,835,855,861,866,872,878,898,904,910,916,920,942,947,952,958,964,983,989,995,1000,1006,1021,1027,1033,1039,1044,1074,1080,1084,1090,1096,1114,1119,1125,1130,1136,1156,1162,1168,1174,1179,1203,1208,1214,1219,1225],"xs":{"x1":82,"x2":939}}],
"bxs":[
[85,304,470,641,808,938],
[82,265,363,463,559,658,750,835,937]]},
{"cxs":[
{"cs":[96,101,107,113,118,143,149,150,153,159,183,189,195,201,206,243,249,250,254,260,280,285,291,297,303,323,332,337,343,349,362,368,377,382,387,404,410,416,421,429,444,450,450,455,460,488,493,499,505,511,531,536,542,548,550,571,580,584,590,596,619,628,634,640,645],"xs":{"x1":82,"x2":937}},
{"cs":[681,686,691,698,703,728,735,740,746,750,768,777,782,787,793,822,830,836,842,847,857,863,868,877,883,898,903,909,915,920,950,950,955,961,966,988,994,1000,1005,1011,1023,1032,1038,1043,1049,1070,1079,1084,1090,1095,1112,1117,1123,1132,1137,1150,1154,1160,1166,1171,1201,1206,1212,1217,1222],"xs":{"x1":82,"x2":912}}],
"bxs":[
[82,241,338,438,550,658,809,933],
[82,254,356,472,580,695,810,938]]},
{"cxs":[
{"cs":[100,107,112,117,123,145,150,150,155,161,183,189,195,200,206,228,234,240,245,250,264,269,278,283,289,316,320,329,335,341,353,359,364,370,379,407,413,417,423,432,450,450,455,461,467,496,501,507,512,517,550,551,557,563,568,593,599,605,610,616],"xs":{"x1":88,"x2":940}},
{"cs":[650,652,658,664,670,678,683,709,714,719,728,734,750,754,760,766,777,794,800,805,812,817,834,841,846,850,851,856,887,893,899,904,910,940,946,950,950,956,985,991,996,1002,1008,1023,1032,1037,1043,1049,1068,1076,1082,1087,1093,1112,1117,1122,1131,1137,1150,1153,1159,1165,1171,1202,1208,1214,1218,1224],"xs":{"x1":89,"x2":943}}],
"bxs":[
[88,287,446,607,764,939],
[89,284,390,498,616,744,940]]},
{"cxs":[
{"cs":[101,107,113,118,123,146,150,150,156,162,183,189,194,200,206,228,234,240,246,250,264,270,279,284,290,339,344,350,350,355,382,387,393,398,404,431,437,442,448,450,466,472,480,485,491,512,517,522,531,537,551,557,563,568,577,597,603,608,614,619],"xs":{"x1":83,"x2":938}},
{"cs":[671,680,685,690,696,722,730,736,742,748,776,782,786,792,798,815,820,828,834,840,856,862,867,876,882,896,902,908,913,918],"xs":{"x1":88,"x2":940}},
{"cs":[965,971,979,984,990,1021,1030,1035,1041,1047,1070,1079,1084,1089,1095,1112,1117,1122,1131,1136,1153,1158,1164,1170,1178,1202,1207,1213,1218],"xs":{"x1":83,"x2":942}}],
"bxs":[
[83,350,442,533,655,750,817,935],
[88,286,431,593,754,938],
[83,319,509,731,941]]},
{"cxs":[
{"cs":[106,112,117,122,131,154,159,165,171,180,207,213,218,223,232,253,259,265,271,279,307,313,318,324,333,360,365,371,380,385,417,423,432,437,443,486,492,498,504,509,544,549,550,554,560,607,613,618,624,633,659,664,670,679,684,715,720,729,734,740,761,767,772,781,786],"xs":{"x1":83,"x2":939}},
{"cs":[840,1202],"xs":{"x1":84,"x2":942}}],
"bxs":[
[83,351,596,682,771,862,935],
[84,236,335,435,533,630,733,942]]},
{"cxs":[
{"cs":[117,123,132,137,143,177,183,188,194,199,241,246,250,251,257,310,316,320,329,335,371,380,385,391,396,450,452,458,464,469,503,508,514,519,524,551,557,563,568,577,607,613,617,623,632],"xs":{"x1":83,"x2":937}},
{"cs":[689,695,701,707,712,750,753,759,765,770,812,817,823,831,837,885,891,897,902,908,950,950,955,961,967,1029,1035,1040,1046,1050,1079,1084,1089,1095,1101,1135,1140,1146,1150,1150,1183,1189,1195,1201,1206],"xs":{"x1":81,"x2":943}}],
"bxs":[
[83,336,524,733,935],
[81,334,532,736,943]]},
{"cxs":[
{"cs":[115,120,128,137,143,146,150,189,195,200,206],"xs":{"x1":92,"x2":933}},
{"cs":[291,296,302,308,314,352,358,364,370,378,424,433,438,444,450,482,486,492,498,503,549,550,553,559,565,602,607,613,618,623],"xs":{"x1":84,"x2":937}},
{"cs":[685,691,696,702,708,749,750,754,759,765,820,828,834,840,845,883,887,893,899,905,948,950,952,958,964,1002,1007,1013,1018,1023,1062,1067,1076,1082,1087,1122,1131,1137,1143,1148,1180,1185,1190,1196,1202],"xs":{"x1":82,"x2":944}}],
"bxs":[
[92,334,532,732,931],
[84,305,468,630,765,934],
[82,291,459,645,809,944]]},
{"cxs":[
{"cs":[83,89,94,100,106,128,134,140,146,150,170,179,184,190,195,215,219,228,234,240,272,281,286,291,297,328,334,340,345,350,377,382,387,392,398,419,428,433,439,444,458,464,469,478,483,504,509,515,520,528,548,550,553,558,564],"xs":{"x1":83,"x2":935}},
{"cs":[611,617,621,630,635,657,663,669,677,683,709,714,719,728,734,760,766,771,780,785,808,814,818,824,832,850,854,859,865,871,900,906,911,917,921,950,950,956,961,967,989,995,1001,1006,1012,1042,1048,1050,1053,1058,1083,1089,1095,1100,1106,1131,1137,1142,1148,1150,1171,1179,1184,1190,1196],"xs":{"x1":81,"x2":943}}],
"bxs":[
[83,233,333,431,529,629,730,822,935],
[81,245,352,466,562,695,830,943]]},
{"cxs":[
{"cs":[104,110,115,120,129,151,157,162,168,177,205,210,216,221,229,251,257,263,268,277,305,310,316,321,329,368,376,382,387,392,428,434,440,445,450,483,488,493,499,505,532,538,543,549,550,572,581,585,591,597,620,629,635,641,646],"xs":{"x1":83,"x2":938}},
{"cs":[691,697,703,709,714,745,750,750,755,761,791,797,803,808,814,844,850,850,854,860,901,906,912,917,952,958,964,970,978,983,1017,1022,1031,1037,1042,1067,1076,1081,1086,1092,1122,1131,1136,1142,1148,1176,1186,1192,1198],"xs":{"x1":81,"x2":944}}],
"bxs":[
[83,250,417,588,764,934],
[81,279,435,600,765,944]]},
{"cxs":[
{"cs":[110,116,120,129,134,155,161,166,172,181,207,213,218,224,232,259,265,271,280,284,310,316,320,329,335,364,370,379,384,390,417,422,431,436,442,470,479,484,489,495,521,529,535,541,547,567,572,581,586,592,617,622,631,637,643],"xs":{"x1":83,"x2":936}},
{"cs":[687,692,698,704,710,740,746,750,750,756,786,792,798,803,809,840,846,850,850,856,887,893,898,904,910,950,950,955,961,966,996,1002,1007,1013,1018,1051,1057,1063,1069,1077,1102,1108,1114,1118,1124,1150,1151,1156,1162,1168,1195,1201,1206,1212,1217],"xs":{"x1":82,"x2":943}}],
"bxs":[
[83,290,453,634,781,934],
[82,290,455,624,772,943]]},
{"cxs":[
{"cs":[112,117,123,132,138,167,172,181,186,192,232,238,244,250,250,304,310,315,320,329,362,367,376,382,387,432,438,444,450,450,487,492,498,504,510,548,550,552,558,564,602,608,613,618,624],"xs":{"x1":84,"x2":937}},
{"cs":[684,690,696,702,707,745,750,750,755,760,805,811,816,821,830,879,883,890,895,900,943,949,950,953,959,1006,1012,1017,1022,1031,1061,1067,1072,1081,1086,1121,1130,1136,1141,1147,1179,1184,1190,1195,1201],"xs":{"x1":92,"x2":944}}],
"bxs":[
[84,344,540,733,937],
[92,306,460,623,783,944]]},
{"cxs":[
{"cs":[101,107,112,117,123,150,152,157,163,169,211,217,221,230,236,263,268,277,283,288,324,333,339,344,350,371,380,385,391,397,424,433,438,444,450,471,479,484,490,496,523,531,537,543,549],"xs":{"x1":83,"x2":937}},
{"cs":[610,616,621,629,635,661,667,672,681,686,720,729,734,740,746,780,785,791,796,802,850,851,857,863,868,907,913,918,923,932,981,986,991,997,1003,1033,1039,1044,1050,1050,1080,1085,1090,1096,1102,1132,1138,1144,1150,1150,1179,1184,1190,1195,1201],"xs":{"x1":83,"x2":942}}],
"bxs":[
[83,329,520,731,936],
[83,329,558,750,938]]},
{"cxs":[
{"cs":[100,106,111,117,122,150,154,160,165,171,203,209,215,220,228,251,257,262,268,277,333,339,345,350,350,385,391,396,402,408,450,456,461,467,476,503,509,515,519,528,550,555,560,566,572,601,607,613,617,623,650,652,658,664,669],"xs":{"x1":83,"x2":937}},
{"cs":[729,735,741,746,750,777,783,787,793,799,824,832,839,844,850,901,907,912,917,923,952,958,964,969,978,1021,1030,1036,1041,1047,1072,1080,1085,1091,1097,1129,1135,1140,1146,1150,1179,1184,1190,1195,1201],"xs":{"x1":88,"x2":943}}],
"bxs":[
[83,234,335,445,550,750,937],
[88,296,456,621,771,943]]},
{"cxs":[
{"cs":[103,109,115,120,128,150,152,157,163,169,196,201,207,213,217,250,255,261,267,276,303,309,315,319,328,358,364,369,378,383,405,411,417,421,430,450,451,457,462,468,493,499,505,510,516],"xs":{"x1":83,"x2":937}},
{"cs":[558,564,570,579,584,615,619,628,634,640,660,665,671,680,685,721,730,736,741,747,767,772,781,786,792,817,823,832,837,843,870,879,884,890,896,945,950,950,956,962,992,998,1004,1009,1015,1050,1055,1061,1066,1072,1100,1105,1111,1117,1121,1150,1150,1155,1161,1167,1196,1202,1207,1213,1218],"xs":{"x1":83,"x2":943}}],
"bxs":[
[83,331,514,692,935],
[83,382,504,609,790,938]]},
{"cxs":[
{"cs":[94,99,105,111,117,140,146,150,150,156,177,182,187,193,198,222,231,237,242,248,261,267,276,281,286,309,314,319,328,334,354,360,366,372,380,397,403,408,414,419,436,441,447,450,452,472,481,486,492,497,503,522,531,536,542,548,564,570,578,583,589,610,616,620,629,635],"xs":{"x1":86,"x2":937}},
{"cs":[665,671,680,685,690,709,715,720,728,734,750,753,759,765,771,811,817,822,831,837,850,854,860,866,871,895,900,906,912,917,944,950,950,954,960,980,985,990,996,1002,1015,1019,1028,1034,1040,1060,1066,1071,1080,1085,1103,1108,1114,1119,1128,1148,1150,1153,1159,1165,1195,1201,1207,1212,1217],"xs":{"x1":83,"x2":944}}],
"bxs":[
[86,293,455,616,769,932],
[83,305,472,615,745,830,937]]},
{"cxs":[
{"cs":[109,115,119,128,134,159,165,171,180,184,217,222,231,237,243,277,282,287,293,299,328,334,340,345,350,363,369,378,383,389,417,422,431,436,442,460,466,472,480,485,510,516,520,529,535,553,558,564,570,578],"xs":{"x1":83,"x2":935}},
{"cs":[631,636,642,648,650,683,688,694,700,705,736,742,748,750,752,797,803,808,814,819,847,850,852,858,863,891,896,902,908,913,941,947,950,951,957,978,983,989,994,1000,1035,1041,1046,1050,1051,1088,1091,1097,1103,1108,1132,1138,1143,1149,1150,1184,1190,1196,1201,1207],"xs":{"x1":82,"x2":942}}],
"bxs":[
[83,246,356,476,578,694,813,932],
[82,217,323,423,528,639,795,942]]},
{"cxs":[
{"cs":[107,113,118,124,132,138,161,166,172,181,186,217,222,231,237,243,272,281,286,292,297,335,340,346,350,351,380,385,391,397,403,442,448,450,453,458,490,496,502,508,513,550,552,557,563,569,599,605,611,616,621],"xs":{"x1":88,"x2":940}},
{"cs":[679,684,689,695,701,731,737,743,749,750,782,787,793,799,804,847,850,851,857,863,918,924,933,939,944,970,979,984,989,995,1040,1046,1050,1050,1056,1087,1093,1099,1104,1110,1141,1147,1150,1151,1189,1194,1200,1206,1212],"xs":{"x1":87,"x2":944}}],
"bxs":[
[88,269,399,545,666,750,835,937],
[87,234,472,696,762,836,942]]},
{"cxs":[
{"cs":[94,99,105,111,117,146,150,150,156,161,194,200,206,211,217,250,250,254,260,266,329,335,341,346,350,380,385,388,393,399,405,444,449,450,453,459,486,492,497,503,509,536,542,547,550,552,580,585,590,596,601,628,634,639,645,650],"xs":{"x1":83,"x2":934}},
{"cs":[703,709,715,720,728,750,755,760,766,772,809,814,819,824,833,869,878,883,888,894,924,932,938,944,949,987,992,998,1004,1009,1037,1043,1048,1050,1053,1081,1086,1091,1097,1103,1130,1135,1141,1147,1150,1171,1179,1184,1190,1195],"xs":{"x1":83,"x2":943}}],
"bxs":[
[83,240,308,377,482,614,684,750,924],
[83,339,535,730,935]]},
{"cxs":[
{"cs":[111,117,121,130,136,167,176,182,187,193,217,223,232,238,243,261,267,276,282,287,334,340,345,350,350,385,391,397,403,408,446,450,450,456,461,491,496,502,507,513,542,548,550,552,558,586,592,598,603,609,638,643,649,650,654],"xs":{"x1":88,"x2":938}},
{"cs":[709,715,719,728,734,753,758,765,770,779,811,817,822,831,837,878,883,888,894,900,936,942,947,950,951,995,1001,1007,1013,1018,1046,1050,1050,1056,1062,1088,1094,1100,1106,1112,1138,1144,1150,1150,1155,1183,1187,1193,1199,1204],"xs":{"x1":89,"x2":943}}],
"bxs":[
[88,322,515,717,934],
[89,340,550,748,943]]},
{"cxs":[
{"cs":[115,120,129,135,140,168,177,183,188,193,228,234,240,245,250,281,285,291,297,303,345,350,350,355,361,397,403,409,414,419,461,467,472,481,486,520,528,534,540,577,583,588,593,599,636,642,647,650,652],"xs":{"x1":88,"x2":936}},
{"cs":[715,719,728,734,739,768,776,782,787,792,830,836,841,847,850,891,897,903,908,914,948,950,953,958,964,1011,1017,1022,1030,1036,1064,1070,1079,1083,1089,1122,1131,1137,1142,1148,1181,1186,1191,1197,1203],"xs":{"x1":85,"x2":942}}],
"bxs":[
[88,345,543,743,936],
[85,334,532,735,942]]},
{"cxs":[
{"cs":[97,102,108,115,119,147,150,152,158,164,191,196,202,208,213,239,245,250,251,256,291,297,303,309,314,345,350,350,355,361,395,401,407,412,417,445,450,450,455,461,487,493,498,504,510,534,540,546,550,551],"xs":{"x1":87,"x2":942}},
{"cs":[589,594,599,605,611,617,621,647,650,652,658,663,688,694,700,705,711,742,748,750,753,759,778,783,789,794,800,806,831,837,843,848,850,878,883,889,894,900,937,942,948,950,953,984,990,995,1001,1007,1044,1050,1050,1055,1061,1089,1095,1100,1106,1112,1140,1146,1150,1151,1157,1184,1190,1195,1201],"xs":{"x1":83,"x2":942}}],
"bxs":[
[87,350,538,743,939],
[83,315,485,650,739,839,940]]},
{"cxs":[
{"cs":[102,108,114,118,124,155,161,166,172,181,203,209,215,220,228,252,257,263,269,277,306,312,317,322,354,360,366,371,380,408,414,418,424,433,469,478,488,494,530,535,541,547,550,553,603,609,615,619,628,654,660,665,671,680,709,714,719,733,751,757,763,769,777],"xs":{"x1":83,"x2":939}},
{"cs":[838,844,850,850,855,898,903,909,915,919,950,955,961,967,972,1030,1036,1041,1047,1050,1079,1084,1090,1095,1101,1133,1139,1144,1150,1150,1183,1188,1193,1199,1205],"xs":{"x1":88,"x2":943}}],
"bxs":[
[83,236,349,452,579,684,811,935],
[88,246,350,466,585,705,812,940]]},
{"cxs":[
{"cs":[83,94,100,106,140,146,150,151,157,182,187,193,198,204,254,259,265,271,279,302,307,313,318,323,349,350,354,360,365,391,397,402,408,414],"xs":{"x1":82,"x2":936}},
{"cs":[450,453,459,465,470,509,514,519,524,533,557,563,569,577,583,634,640,645,650,651,677,683,688,693,699,704,719,728,733,739,745,762,767,776,782,787],"xs":{"x1":83,"x2":939}},
{"cs":[831,837,842,848,850,870,879,884,889,895,943,949,950,954,960,988,994,999,1005,1010,1048,1050,1053,1059,1065,1090,1096,1101,1107,1113,1136,1142,1148,1150,1153,1179,1184,1187,1190,1195,1201],"xs":{"x1":83,"x2":943}}],
"bxs":[
[82,242,353,468,589,698,814,934],
[83,238,348,451,572,688,810,936],
[83,281,434,607,687,783,941]]},
{"cxs":[
{"cs":[111,539],"xs":{"x1":84,"x2":935}},
{"cs":[597,603,609,615,619,650,653,659,665,670,713,718,724,731,737,758,764,770,777,783,810,815,820,828,834,855,861,867,873,881],"xs":{"x1":87,"x2":939}},
{"cs":[939,945,950,950,994,1000,1006,1012,1017,1050,1051,1056,1062,1068,1093,1099,1105,1110,1116,1146,1150,1153,1158,1164,1191,1197,1203,1209,1214],"xs":{"x1":87,"x2":943}}],
"bxs":[
[84,293,472,547,636,783,935],
[87,283,443,599,767,935],
[87,296,460,631,794,940]]},
{"cxs":[
{"cs":[100,106,112,117,123,143,149,150,154,160,183,189,195,201,206,222,230,236,241,247,258,264,269,277,283,304,309,315,320,328,350,350,356,362,367,391,397,403,408,414,431,437,443,448,450,470,479,484,490,495,501,523,531,537,542,548,567,573,581,585,592,614,619,624,632,638],"xs":{"x1":82,"x2":937}},
{"cs":[669,677,683,688,693,712,717,723,731,736,750,756,762,768,773,791,796,802,808,814,829,835,841,847,850,862,868,876,881,886,908,914,918,924,932,964,969,977,983,988,1009,1014,1019,1027,1033,1064,1070,1078,1083,1088,1110,1116,1121,1129,1134,1152,1158,1163,1169,1177,1198,1204,1210,1215,1220],"xs":{"x1":84,"x2":943}}],
"bxs":[
[82,286,441,604,761,929],
[84,198,515,734,937]]},
{"cxs":[
{"cs":[99,104,110,115,121,143,148,154,160,165,183,188,194,200,206,221,228,233,238,244,260,265,271,277,282,301,307,313,318,324,342,348,354,360,364,401,407,412,417,423,447,453,458,463,469,524,530,536,541,546,563,569,575,581,586,603,608,613,619,625,642,648,653,659,664],"xs":{"x1":84,"x2":938}},
{"cs":[700,705,711,716,722,737,742,748,753,759,774,780,786,790,796,813,817,823,829,835,849,854,860,865,871,889,895,901,907,912,930,936,941,947,952,988,994,1000,1006,1012,1029,1035,1039,1045,1051,1090,1096,1101,1107,1113,1130,1136,1140,1146,1152,1168,1174,1180,1186,1191,1207,1213,1218,1224,1230],"xs":{"x1":83,"x2":940}}],
"bxs":[
[84,198,543,749,935],
[83,187,401,940]]},
{"cxs":[
{"cs":[98,171],"xs":{"x1":79,"x2":922}},
{"cs":[238,244,249,250,256,279,284,290,295,301,320,328,333,339,345,361,366,372,379,384,405,411,417,421,429,451,457,462,468,476,502,507,513,518,523,550,552,558,564,569,589,595,601,606,612,642,648,650,654,660,687,692,698,704,709,737,743,749,750,755,777,783,787,793,799],"xs":{"x1":87,"x2":936}},
{"cs":[847,850,854,859,865,887,893,898,904,910,950,951,956,962,968,994,1000,1005,1011,1017,1050,1054,1060,1066,1072,1092,1098,1104,1109,1115,1141,1147,1150,1153,1159,1183,1188,1194,1199,1205],"xs":{"x1":91,"x2":943}}],
"bxs":[
[79,922],
[87,244,338,452,547,650,757,836,928],
[91,240,350,550,747,940]]},
{"cxs":[
{"cs":[87,93,99,104,110,137,143,149,150,155,193,199,205,211,217,243,249,250,255,261,286,292,297,303,309,324,332,338,343,349,367,372,380,385,391,409,414,419,427,432],"xs":{"x1":83,"x2":934}},
{"cs":[460,466,472,479,484,506,512,517,522,530,559,565,570,578,583,608,613,618,624,656,662,668,673,681,699,704,710,716,721,740,746,750,752,758,778,783,788,794],"xs":{"x1":84,"x2":937}},
{"cs":[839,845,850,851,876,881,886,892,898,916,920,928,934,940,968,976,981,985,991,1010,1016,1020,1028,1034,1066,1071,1079,1084,1090,1110,1115,1120,1128,1134,1150,1152,1158,1164,1170,1189,1195,1206],"xs":{"x1":90,"x2":942}}],
"bxs":[
[83,367,645,931],
[84,350,546,740,934],
[90,333,530,729,942]]},
{"cxs":[
{"cs":[115,120,127,133,142,149,157,163,169,177,182,209,215,219,227,233,269,277,282,287,293,321,329,335,340,346,380,385,391,396,402,430,436,442,448,450,476,482,487,493,498,524,532,538,544,549],"xs":{"x1":88,"x2":934}},
{"cs":[603,609,615,619,627,654,660,666,671,679,706,712,717,722,730,764,770,784,788,794,829,835,840,846,850,852,896,902,907,913,918,946,950,952,958,963,989,995,1000,1006,1012,1039,1044,1050,1051,1056],"xs":{"x1":85,"x2":940}},
{"cs":[1115,1120,1128,1134,1140,1145,1150,1179,1184,1189,1195,1202],"xs":{"x1":89,"x2":943}}],
"bxs":[
[88,332,535,731,929],
[90,322,519,732,933],
[89,398,662,940]]},
{"cxs":[
{"cs":[109,114,119,127,130,133,138,159,165,170,178,183,216,220,228,234,240,256,262,268,276,282,303,308,314,319,324,347,350,354,359,365],"xs":{"x1":83,"x2":938}},
{"cs":[404,409,415,420,427,448,450,455,460,466,504,510,515,521,528,550,552,557,563,569,601,606,612,617,622,645,650,652,657,663,685,691,696,702,708,729,735,740,746,750,767,773,781,785,791],"xs":{"x1":83,"x2":940}},
{"cs":[836,841,848,850,854,873,881,886,892,897,940,945,950,951,957,987,993,998,1004,1009,1033,1039,1045,1050,1051,1072,1081,1085,1091,1097,1117,1123,1130,1136,1142,1158,1163,1169,1177,1183,1202,1207,1213,1218,1224],"xs":{"x1":83,"x2":942}}],
"bxs":[
[83,343,537,730,935],
[83,290,476,654,818,937],
[83,241,351,464,579,693,813,940]]},
{"cxs":[
{"cs":[109,115,120,128,134,150,155,161,167,172,199,205,211,216,221,240,245,250,252,257,276,282,287,292,298,313,318,324,331,337,343,358,364,370,377,383,407,413,417,423,430,444,450,450,456,462,487,492,498,504,509,534,540,546,550,552,572,580,585,590,596,615,620,627,633,639],"xs":{"x1":88,"x2":938}},
{"cs":[678,683,689,694,700,722,730,736,742,747,763,769,777,783,787,804,810,816,821,828,845,850,851,857,862,881,886,892,898,903,928,934,939,945,950,979,985,990,996,1021,1028,1034,1040,1045,1069,1076,1082,1087,1092,1114,1119,1124,1132,1137,1154,1160,1165,1171,1179,1198,1204,1209,1215,1220],"xs":{"x1":82,"x2":943}}],
"bxs":[
[88,242,360,482,604,694,815,935],
[82,261,398,576,751,938]]},
{"cxs":[
{"cs":[112,117,122,130,136,157,163,169,176,182,208,214,218,224,232,253,259,265,270,278,331,337,343,348,350,383,388,393,399,447,450,453,459,465,498,504,509,515,520,550,555,560,566,572,605,611,617,621,629],"xs":{"x1":83,"x2":931}},
{"cs":[690,696,702,707,713,748,750,754,759,766,800,806,811,817,822,867,873,880,885,891,931,937,942,947,950,1004,1009,1015,1020,1028,1056,1062,1068,1073,1081,1114,1119,1124,1132,1138,1166,1172,1179,1184,1190],"xs":{"x1":82,"x2":942}}],
"bxs":[
[83,301,493,690,924],
[82,322,533,730,942]]},
{"cxs":[
{"cs":[71,79,83,89,95,123,130,136,142,147,169,177,183,187,193,220,227,233,239,245,286,292,297,303,309,346,350,352,358,364,406,411,417,422,429,457,463,468,476,482,513,518,524,531,537,564,570,577,583,587],"xs":{"x1":85,"x2":939}},
{"cs":[647,650,654,659,665,702,708,713,718,724,757,762,768,773,781,835,841,847,850,853,895,901,907,912,917,958,964,969,977,983,1013,1018,1024,1031,1037,1064,1070,1078,1083,1088,1118,1123,1131,1137,1142],"xs":{"x1":82,"x2":938}}],
"bxs":[
[85,349,543,742,939],
[82,341,531,734,936]]},
{"cxs":[
{"cs":[112,117,123,131,136,160,166,172,180,185,213,218,224,232,238,261,267,273,281,286,341,347,350,354,359,392,398,403,409,415,451,457,463,469,476,505,511,517,521,530,554,560,566,571,579,607,613,617,623,631],"xs":{"x1":84,"x2":933}},
{"cs":[688,694,700,706,712,740,746,750,753,794,800,806,811,817,846,850,853,858,864,921,929,934,940,972,979,983,989,995,1041,1047,1050,1054,1060,1089,1094,1100,1106,1112,1141,1147,1150,1153,1159,1188,1194,1200,1205,1211],"xs":{"x1":91,"x2":942}}],
"bxs":[
[84,333,534,720,930],
[91,340,517,706,935]]},
{"cxs":[
{"cs":[116,120,128,134,158,164,170,178,183,218,223,231,237,243,278,283,289,295,300,355,360,366,372,380,409,415,420,428,434,460,466,472,480,485,514,519,524,532,538,566,571,579,584,590],"xs":{"x1":83,"x2":940}},
{"cs":[647,650,654,660,666,698,704,710,716,721,750,754,760,766,772,810,815,820,828,860,866,872,880,884,920,927,933,939,945,990,996,1002,1008,1014,1045,1050,1051,1057,1063,1093,1100,1105,1111,1117,1149,1150,1155,1161,1167,1198,1204,1210,1216],"xs":{"x1":83,"x2":940}}],
"bxs":[
[83,318,524,730,940],
[83,340,504,744,938]]},
{"cxs":[
{"cs":[122,130,136,141,147,181,186,191,197,203,240,246,250,252,258,305,311,317,322,329,359,365,371,378,383,428,434,440,446,450,483,488,494,500,564,569,577,583,587,620,628,634,640,645,683,687,693,699,704,739,745,750,751,757,792,798,803,809,815],"xs":{"x1":83,"x2":936}},
{"cs":[888,893,899,905,911,950,952,957,963,968,1015,1020,1028,1033,1039,1066,1072,1079,1084,1090,1120,1128,1134,1139,1145,1171,1179,1184,1189,1195],"xs":{"x1":86,"x2":940}}],
"bxs":[
[83,330,443,545,650,750,933],
[86,342,543,736,939]]},
{"cxs":[
{"cs":[76,82,87,93,99,121,128,134,140,145,163,169,177,182,187,219,224,232,238,243,276,282,287,292,298,348,350,355,360,366,391,397,403,408,414,439,445,450,451,457,481,486,492,497,503],"xs":{"x1":84,"x2":938}},
{"cs":[556,562,567,573,581,605,610,616,621,628,650,654,659,665,671,708,714,719,727,733,751,756,762,768,776,797,803,809,814,819,844,850,851,856,862,909,914,919,927,932,959,965,971,979,984,1028,1034,1040,1045,1050,1072,1079,1084,1090,1095,1119,1127,1132,1138,1144,1163,1169,1176,1182,1187],"xs":{"x1":82,"x2":943}}],
"bxs":[
[84,330,528,727,935],
[82,318,533,827,943]]},
{"cxs":[
{"cs":[101,107,113,118,124,145,150,152,158,164,182,187,193,199,204,238,244,250,250,256,271,279,284,290,295,310,316,321,329,334,349,350,356,361,367,394,400,406,411,417,438,444,449,450,456,499,505,510,516,521,540,546,550,553,558,583,588,594,600,605,621,629,635,641,647],"xs":{"x1":83,"x2":933}},
{"cs":[678,683,688,694,700,720,727,733,739,745,754,760,765,771,779,800,806,811,817,822,840,846,850,852,858,876,882,886,892,898,914,919,924,932,938,971,979,983,989,995,1013,1018,1024,1032,1037,1073,1081,1085,1091,1097,1114,1119,1127,1133,1138,1151,1157,1163,1169,1177,1194,1200,1205,1211,1217],"xs":{"x1":80,"x2":942}}],
"bxs":[
[83,230,377,491,569,677,933],
[80,211,310,630,721,829,942]]},
{"cxs":[
{"cs":[98,188],"xs":{"x1":83,"x2":928}},
{"cs":[246,250,253,259,297,303,308,314,319],"xs":{"x1":84,"x2":931}},
{"cs":[376,382,387,393,398,431,437,443,449,450],"xs":{"x1":85,"x2":932}},
{"cs":[508,514,519,524,532,573,581,586,591,597,622,630,636,642,648,679,684,690,695,701,722,730,736,741,747,763,769,777,783,787,809,814,819,827,833],"xs":{"x1":87,"x2":936}},
{"cs":[883,888,894,899,905,953,959,964,970,978,1005,1011,1017,1021,1029,1060,1066,1071,1079,1084,1106,1112,1117,1122,1130,1150,1153,1159,1164,1170,1193,1199,1205,1210,1216],"xs":{"x1":89,"x2":943}}],
"bxs":[
[83,315,505,719,928],
[84,350,592,850,929],
[85,165,209,257,371,482,591,704,814,930],
[87,251,382,567,750,933],
[89,336,536,740,943]]},
{"cxs":[
{"cs":[97,555],"xs":{"x1":79,"x2":927}},
{"cs":[618,624,631,637,643,657,663,669,676,682,702,708,713,718,724,746,750,752,758,764,785,790,796,802,808,829,835,841,847,850,867,873,881,886,892,929,935,940,947,950,952,980,984,990,996,1002,1040,1045,1050,1052,1058,1085,1091,1097,1102,1108,1144,1149,1150,1156,1161,1186,1192,1199,1204,1210],"xs":{"x1":84,"x2":942}}],
"bxs":[
[79,265,485,750,927],
[84,350,582,701,773,942]]},
{"cxs":[
{"cs":[115,120,128,134,139,159,165,170,178,183,202,208,214,219,224,250,252,258,264,269,290,296,302,308,313,334,340,345,350,352,371,379,384,390,395,434,439,445,450,452,484,490,496,501,507,541,547,550,553,559,586,592,598,603,609,636,642,648,650,654,678,683,688,694,700],"xs":{"x1":82,"x2":939}},
{"cs":[747,750,753,759,765,794,800,805,811,817,845,850,852,857,863,892,898,904,909,915,950,956,962,967,973,1007,1013,1018,1024,1031,1062,1068,1073,1081,1086,1110,1116,1121,1129,1134,1155,1161,1166,1172,1180,1205,1210,1216,1221,1229],"xs":{"x1":83,"x2":943}}],
"bxs":[
[82,314,450,550,744,939],
[83,317,500,711,940]]},
{"cxs":[
{"cs":[104,109,115,120,128,150,154,160,165,171,191,197,203,209,214,245,250,251,257,263,282,287,293,299,305,321,329,335,340,346,359,365,370,378,383,418,424,432,438,444,467,473,480,485,491,519,527,533,539,545,558,564,570,578,583,601,607,612,617,623,644,649,650,656,662],"xs":{"x1":83,"x2":931}},
{"cs":[705,711,717,721,729,748,750,755,760,766,790,796,802,808,813,831,837,843,849,850,867,873,881,885,891,914,918,924,931,937,971,979,984,989,995,1021,1029,1035,1040,1046,1070,1078,1083,1088,1094,1112,1117,1122,1130,1136,1150,1155,1161,1167,1172,1192,1198,1204,1210,1215],"xs":{"x1":86,"x2":942}}],
"bxs":[
[83,341,538,729,922],
[86,324,531,728,933]]},
{"cxs":[
{"cs":[112,117,122,130,136,168,176,181,186,192,229,234,240,246,250,300,305,311,317,322,356,362,367,373,381,418,424,432,437,443,468,473,481,486,520,527,533,539,545,569,577,583,587,593],"xs":{"x1":84,"x2":942}},
{"cs":[644,650,651,657,662,695,701,706,712,717,750,752,757,763,769,801,807,813,818,824,852,858,864,869,877,924,932,937,943,949,976,982,987,992,998,1037,1043,1048,1050,1054,1086,1091,1097,1103,1108,1139,1144,1150,1151,1157,1188,1194,1200,1206,1211],"xs":{"x1":81,"x2":941}}],
"bxs":[
[84,337,539,731,941],
[81,330,535,740,940]]},
{"cxs":[
{"cs":[115,120,127,133,155,161,167,172,180,200,207,212,217,250,253,258,264,270,292,298,304,309,315,355,361,367,373,380,407,412,417,423,431,454,460,466,471,479,500,506,512,517,522,547,550,553,558,565,587,593,599,604,610],"xs":{"x1":83,"x2":935}},
{"cs":[651,1227],"xs":{"x1":84,"x2":944}}],
"bxs":[
[83,335,546,724,935],
[84,401,668,944]]},
{"cxs":[
{"cs":[93,99,105,110,116,155,159,164,167,206,212,217,223,254,260,266,272,279,284,306,312,317,322,330,348,350,354,360,366,385,391,397,403,408,427,433,439,445,450],"xs":{"x1":89,"x2":940}},
{"cs":[484,490,495,501,507,546,550,550,554,556,585,591,597,602,608,614,619,639,645,650,652,657,686,692,698,703,709,727,733,739,744,750,762,768,776,782,786,803,809,815,820,827],"xs":{"x1":85,"x2":941}},
{"cs":[864,870,878,883,888,910,916,921,929,935,968,976,981,986,992,1010,1016,1021,1029,1034,1058,1064,1070,1078,1083,1102,1108,1114,1118,1124,1146,1150,1152,1158,1164,1190,1196,1202,1207,1213],"xs":{"x1":80,"x2":942}}],
"bxs":[
[89,403,668,938],
[85,403,672,939],
[80,404,677,940]]},
{"cxs":[
{"cs":[111,117,121,129,135,150,154,160,165,171,198,204,209,215,220,240,245,250,252,257,280,284,290,296,301,330,336,341,347,350,392,398,404,409,415,441,447,450,454,459,465,497,503,509,515,540,546,550,553,558,580,585,591,596,602,621,629,635,640,646],"xs":{"x1":82,"x2":934}},
{"cs":[683,689,695,700,706,723,730,736,742,748,767,772,780,785,791,808,814,819,824,832,850,851,856,862,868,886,892,898,903,909,929,935,941,946,950,983,989,995,1000,1006,1032,1037,1043,1049,1050,1082,1087,1092,1098,1104,1127,1133,1138,1144,1150,1163,1169,1176,1182,1187,1205,1217,1221,1229],"xs":{"x1":87,"x2":943}}],
"bxs":[
[82,335,532,736,929],
[87,350,549,746,850,943]]},
{"cxs":[
{"cs":[102,108,113,118,123,150,151,157,162,168,202,207,213,218,223,255,261,267,272,280,302,307,313,318,323,348,350,354,360,365,389,395,401,406,412,443,449,450,455,461,482,487,492,498,504,536,542,548,550,554,584,589,595,601,607,641,647,650,653,659,691,697,703,708,714],"xs":{"x1":249,"x2":940}},
{"cs":[763,769,777,782,787,813,818,823,831,836,857,863,869,876,882,918,924,932,937,943,967,972,980,984,990,1023,1030,1036,1042,1048,1070,1077,1083,1088,1093,1119,1127,1133,1139,1144,1166,1172,1179,1184,1190],"xs":{"x1":90,"x2":943}}],
"bxs":[
[249,359,428,501,564,649,732,794,855,937],
[90,214,305,386,465,554,635,785,941]]},
{"cxs":[
{"cs":[105,111,117,122,129,155,161,166,172,180,209,215,220,227,233,251,257,263,268,276,306,311,317,322,330,350,355,360,366,372],"xs":{"x1":83,"x2":934}},
{"cs":[420,428,434,439,445,463,469,477,483,487,535,541,547,550,553,585,591,596,602,608,640,645,650,652,657,683,689,694,700,706,734,740,746,750,752,777,783,788,793,799],"xs":{"x1":83,"x2":938}},
{"cs":[848,850,854,860,866,884,890,896,902,907,950,951,957,963,968,999,1005,1010,1017,1021,1050,1054,1060,1065,1071,1097,1103,1108,1114,1119,1145,1150,1152,1158,1163,1189,1194,1200,1206,1211],"xs":{"x1":85,"x2":943}}],
"bxs":[
[83,292,448,596,750,931],
[83,317,493,600,679,762,934],
[85,350,557,790,939]]},
{"cxs":[
{"cs":[113,118,124,131,137,164,170,178,183,188,215,220,227,233,239,281,286,292,298,341,347,350,353,359,395,401,406,412,417,446,450,453,458,464,498,504,510,516,520,549,550,556,562,568],"xs":{"x1":87,"x2":941}},
{"cs":[619,624,632,638,669,677,683,687,693,735,741,746,750,753,777,783,788,794,799,828,834,839,845,850,868,876,881,886,892],"xs":{"x1":89,"x2":941}},
{"cs":[950,952,958,964,970,1000,1005,1011,1017,1022,1054,1060,1066,1071,1079,1105,1111,1117,1122,1129,1150,1156,1162,1168,1173,1202,1208,1213,1218,1224],"xs":{"x1":81,"x2":941}}],
"bxs":[
[87,350,460,673,940],
[89,348,548,670,817,940],
[81,287,409,588,755,940]]},
{"cxs":[
{"cs":[111,117,122,130,135,165,171,178,183,189,234,240,245,250,252,305,311,317,321,329,362,368,376,381,386,439,445,450,451,457,491,497,502,508,514,548,550,554,559,565,599,605,610,616,621],"xs":{"x1":83,"x2":931}},
{"cs":[683,688,693,699,705,744,750,750,756,762,803,809,815,820,827,873,881,886,892,897,936,941,947,950,953,999,1005,1011,1016,1021,1054,1060,1065,1071,1079,1114,1118,1124,1132,1138,1168,1176,1181,1186,1192],"xs":{"x1":85,"x2":941}}],
"bxs":[
[83,287,461,617,770,931],
[85,280,418,583,768,941]]},
{"cxs":[
{"cs":[111,116,121,129,134,168,177,182,187,193,238,244,250,250,256,303,309,314,319,328,365,371,379,384,389,427,433,439,445,450,482,487,492,498,504,540,546,550,552,558,594,600,605,611,617],"xs":{"x1":86,"x2":936}},
{"cs":[679,684,690,695,701,742,748,750,754,760,808,813,818,823,831,877,883,888,895,899,937,943,949,950,955,999,1005,1011,1017,1021,1055,1061,1067,1072,1080,1117,1121,1129,1135,1140,1172,1180,1185,1191,1197],"xs":{"x1":81,"x2":937}}],
"bxs":[
[86,309,460,618,776,935],
[81,349,542,742,935]]},
{"cxs":[
{"cs":[123,131,136,142,148,184,190,195,201,207,250,256,262,267,273,317,323,331,338,344,381,386,391,397,403,446,450,452,458,463,500,506,511,517,522,554,560,566,571,579,614,618,624,632,637],"xs":{"x1":83,"x2":937}},
{"cs":[698,704,710,715,720,752,758,764,769,777,815,820,828,834,839,879,884,889,895,901,907,912,950,952,957,963,969,1015,1019,1027,1033,1038,1069,1076,1082,1087,1092,1128,1134,1139,1145,1150,1182,1187,1192,1198,1204],"xs":{"x1":83,"x2":943}}],
"bxs":[
[83,341,536,735,935],
[83,338,536,737,937]]},
{"cxs":[
{"cs":[107,113,118,123,152,158,164,170,178,218,224,232,238,276,282,287,292,298,337,343,348,350,355,412,417,422,430,436,462,468,476,482,486,517,522,530,535,541,583,588,594,599,605],"xs":{"x1":83,"x2":936}},
{"cs":[663,669,676,682,687,717,722,730,736,741,766,771,779,784,789,818,824,832,838,843,905,911,917,921,929,963,969,977,983,988,1032,1038,1043,1049,1050,1081,1085,1091,1097,1103,1137,1142,1148,1150,1155,1185,1191,1197,1203,1208],"xs":{"x1":83,"x2":942}}],
"bxs":[
[83,308,462,624,777,936],
[83,230,343,588,853]]},
{"cxs":[
{"cs":[124,132,138,143,149,166,171,179,184,190,212,217,222,229,235,253,259,265,270,278,300,306,311,317,322,354,359,365,371,379,401,407,412,417,423,487,493,499,504,510,548,550,554,560,566,614,619,627,632,638,654,660,666,671,679,700,705,711,716,721,745,750,751,757,762],"xs":{"x1":91,"x2":937}},
{"cs":[824,832,838,843,849,909,914,919,924,932,965,970,978,983,988,1030,1035,1041,1046,1050,1072,1080,1085,1091,1096,1121,1128,1134,1140,1145,1165,1171,1179,1184,1189],"xs":{"x1":94,"x2":942}}],
"bxs":[
[91,237,337,433,524,620,722,827,937],
[94,247,369,484,596,717,831,942]]},
{"cxs":[
{"cs":[97,102,108,114,119,141,150,153,158,177,183,188,194,199,243,249,250,255,261,279,284,289,295,301,316,321,328,334,340,356,362,367,373,381,422,429,435,441,447,462,468,476,482,486,506,512,517,522,530,550,556,562,567,573,595,601,612,617],"xs":{"x1":82,"x2":936}},
{"cs":[677,1222],"xs":{"x1":82,"x2":941}}],
"bxs":[
[82,259,393,530,656,801,932],
[82,283,438,604,779,941]]},
{"cxs":[
{"cs":[120,126,133,135,138,198,204,210,259,271,277,283,297,303,309,315,319,336,341,347,350,354,382,386,392,398,404,418,426,431,437,443,451,457,463,469,476,496,502,508,514,519,534,540,546,550,553,572,579,583,587,593,599,618,623,630,636,642],"xs":{"x1":83,"x2":936}},
{"cs":[691,697,702,708,714,737,742,748,750,755,779,784,790,795,801,838,844,850,851,857,874,881,885,891,897,912,917,922,929,935,952,958,964,969,976,1000,1005,1011,1017,1022,1037,1042,1048,1050,1055,1080,1085,1097,1103,1115,1119,1126,1132,1138,1144,1163,1169,1176,1182,1187,1205,1211,1216,1221,1228],"xs":{"x1":80,"x2":943}}],
"bxs":[
[83,291,454,611,768,932],
[80,290,450,607,683,783,943]]},
{"cxs":[
{"cs":[119,126,131,137,143,161,167,173,179,184,206,212,217,223,229,250,252,258,264,269,291,296,302,308,314,341,346,350,354,360,387,393,398,404,410,437,443,449,451,457,480,485,490,496,502,537,543,548,550,556,585,591,597,603,608,637,643,649,651,656,679,684,689,695,701],"xs":{"x1":88,"x2":935}},
{"cs":[752,758,764,770,776,807,813,818,823,830],"xs":{"x1":88,"x2":937}},
{"cs":[883,887,893,899,904,950,952,958,964,970,1004,1015,1020,1061,1072,1079,1102,1107,1113,1118,1148,1150,1156,1161,1167,1191,1196,1202,1208,1213],"xs":{"x1":87,"x2":942}}],
"bxs":[
[88,223,377,482,587,744,935],
[88,272,447,640,780,935],
[87,234,330,430,524,627,721,842,942]]},
{"cxs":[
{"cs":[111,117,122,128,134,168,174,185,219,232,237,243,291,297,303,309,343,349,350,356,362,382,387,393,399,404,421,428,433,439,445,473,480,485,491,496,520,527,533,539,545,565,572,578,583,589,608,614,619,626,631,655,661,666,672,679,697,703,709,714,719],"xs":{"x1":84,"x2":939}},
{"cs":[761,767,773,779,784,803,809,814,819,826,845,850,852,858,864,883,888,894,900,905,923,930,936,941,947,978,983,988,994,1000,1029,1035,1040,1046,1050,1077,1083,1088,1094,1099,1117,1122,1129,1135,1140,1155,1160,1166,1172,1179,1195,1201,1207,1212,1217],"xs":{"x1":82,"x2":942}}],
"bxs":[
[84,233,311,381,469,551,656,797,936],
[82,224,317,413,515,697,818,940]]},
{"cxs":[
{"cs":[115,120,127,133,139,171,178,183,194,228,233,239,245,250,272,279,284,290,296,319,326,332,338,344,364,370,377,383,388],"xs":{"x1":85,"x2":935}},
{"cs":[429,435,442,448,452,456,461,499,505,510,517,521,555,561,567,573,579,605,611,617,622,629,650,656,662,668,674,698,704,709,715,720],"xs":{"x1":84,"x2":937}},
{"cs":[770,777,783,788,794,800,839,845,850,852,858,896,901,907,913,918,944,950,951,957,963,987,993,999,1005,1011,1035,1041,1047,1050,1055],"xs":{"x1":83,"x2":940}},
{"cs":[1121,1212],"xs":{"x1":86,"x2":942}}],
"bxs":[
[85,293,451,610,767,933],
[84,293,454,613,772,935],
[83,294,454,616,771,937],
[86,297,458,618,776,942]]},
{"cxs":[
{"cs":[97,102,108,114,119,182,187,192,198,204,239,245,250,253,258],"xs":{"x1":89,"x2":939}},
{"cs":[328,334,340,346,350,413,418,424,431,436,461,467,473,480,485],"xs":{"x1":88,"x2":940}},
{"cs":[550,552,558,563,569,612,617,623,629,635,664,670,677,682,687,721,728,734,740,745,768,773,780,785,791,815,820,827,832,838,858,864,870,877,883],"xs":{"x1":83,"x2":940}},
{"cs":[936,942,948,950,955,987,993,998,1004,1010,1043,1049,1050,1056,1062,1088,1094,1100,1106,1112,1138,1144,1150,1152,1158,1184,1190,1196,1201,1207],"xs":{"x1":83,"x2":942}}],
"bxs":[
[89,296,461,576,696,819,937],
[88,253,392,524,664,805,938],
[83,279,432,579,716,820,939],
[83,296,450,601,754,940]]},
{"cxs":[
{"cs":[114,119,124,131,137,171,178,183,188,194,246,250,254,259,266,293,299,305,310,316,342,348,350,355,361,387,393,398,404,410],"xs":{"x1":83,"x2":933}},
{"cs":[470,476,482,487,493,521,529,534,540,546,579,583,589,595,601,630,636,643,650,652,656,662,696,702,708,713,718,724,751,757,762,768,774,797,803,809,814,819,842,848,850,856,861,884,890,896,902,908],"xs":{"x1":84,"x2":937}},
{"cs":[976,982,986,992,998,1034,1039,1045,1050,1053],"xs":{"x1":90,"x2":939}},
{"cs":[1131,1137,1142,1148,1150,1186,1192,1198,1203,1209],"xs":{"x1":90,"x2":942}}],
"bxs":[
[83,280,432,579,731,931],
[84,232,338,441,549,654,750,937],
[90,293,454,617,774,937],
[90,294,455,618,777,940]]},
{"cxs":[
{"cs":[115,120,126,132,138,162,167,173,180,185,212,217,223,230,235,250,256,261,267,273,294,300,306,312,317,335,340,346,350,353],"xs":{"x1":88,"x2":924}},
{"cs":[406,412,417,423,429,451,457,462,468,474,500,506,511,517,522,542,548,550,555,561,585,591,597,603,608,628,634,640,645,650],"xs":{"x1":90,"x2":930}},
{"cs":[694,700,705,711,717,744,750,752,758,763,790,796,802,808,813,831,836,842,848,850,866,871,878,883,888,904,910,916,920,927],"xs":{"x1":94,"x2":936}},
{"cs":[972,979,984,989,995,1018,1024,1031,1036,1042,1061,1067,1073,1080,1084,1100,1106,1112,1117,1122,1140,1146,1150,1153,1159,1177,1182,1187,1193,1199],"xs":{"x1":97,"x2":942}}],
"bxs":[
[88,324,469,617,759,924],
[90,264,400,612,730,930],
[94,340,510,738,936],
[97,412,667,942]]},
{"cxs":[
{"cs":[102,108,114,119,126,150,153,158,164,170,188,193,199,205,211,247,250,255,260,266,288,294,299,305,311,338,344,350,351,357,376,382,387,393,399,431,436,442,448,450,471,478,483,489,495,519,526,532,537,544,565,571,578,583,588],"xs":{"x1":91,"x2":940}},
{"cs":[629,634,640,646,650,699,705,711,716,722,751,758,763,769,776,805,812,817,822,829,847,850,854,860,866,884,890,896,902,907,926,932,937,943,949],"xs":{"x1":88,"x2":940}},
{"cs":[997,1003,1010,1014,1019,1046,1050,1054,1059,1067,1091,1098,1103,1109,1115,1132,1137,1143,1149,1151,1167,1173,1179,1184,1190,1206,1212,1217,1222,1229],"xs":{"x1":85,"x2":942}}],
"bxs":[
[91,237,382,477,634,712,783,858,937],
[88,247,354,447,611,773,938],
[85,335,532,750,939]]},
{"cxs":[
{"cs":[107,114,117,123,151,163,168,174,199,205,211,217,222,245,250,253,258,265,292,298,304,310,315,339,344,350,352,358],"xs":{"x1":83,"x2":931}},
{"cs":[411,416,421,428,434,461,467,472,479,484,512,517,522,529,535,551,557,563,568,574,598,604,610,616,620,642,647,650,655,661],"xs":{"x1":83,"x2":934}},
{"cs":[712,717,722,729,735,753,759,764,770,777,798,804,810,816,820,848,850,855,861,867,883,889,895,901,906,924,931,937,942,948,966,972,979,983,989,1006,1012,1017,1022,1029,1054,1059,1065,1071,1078,1095,1100,1106,1112,1117,1122,1150,1152,1157,1163,1169,1201,1207,1212,1217,1223],"xs":{"x1":87,"x2":942}}],
"bxs":[
[83,295,452,590,733,928],
[83,321,499,709,931],
[87,244,414,517,714,822,942]]},
{"cxs":[
{"cs":[100,106,112,117,123,150,153,159,165,171,216,221,228,234,264,270,277,284,287,326,332,338,344,350,370,377,383,388,394,416,421,428,434,440,460,466,472,479,484],"xs":{"x1":83,"x2":936}},
{"cs":[531,537,543,549,550,577,583,588,594,600,645,650,652,659,665,695,701,707,713,718,750,752,758,763,769,792,799,804,810,816,837,843,849,851,857,886,892,898,904,910],"xs":{"x1":82,"x2":941}},
{"cs":[954,1231],"xs":{"x1":83,"x2":943}}],
"bxs":[
[83,233,334,453,580,760,936],
[82,285,448,609,766,936],
[83,358,483,705,943]]},
{"cxs":[
{"cs":[104,110,116,121,128,157,163,169,174,181,217,223,230,236,242,264,269,276,282,287,313,318,324,331,336,358,364,370,376,382],"xs":{"x1":83,"x2":933}},
{"cs":[439,445,450,453,459,489,494,500,506,512,552,558,564,570,577,599,605,611,617,621,646,650,654,660,666,690,696,702,707,713],"xs":{"x1":83,"x2":935}},
{"cs":[763,769,776,782,787,812,817,823,830,835,863,869,876,882,886,903,908,919,926,932,937,943,956,962,968,974,981,986,991,1028,1034,1040,1045,1050,1077,1083,1087,1093,1099,1127,1134,1139,1145,1150,1176,1181,1186,1192,1198],"xs":{"x1":88,"x2":940}}],
"bxs":[
[83,387,681,930],
[83,388,668,933],
[88,238,386,495,650,796,940]]},
{"cxs":[
{"cs":[110,115,120,127,132,142,147,153,159,165,170,177,190,195,199,205,211,217,221,242,248,250,256,262,282,287,292,298,304,321,328,333,339,345],"xs":{"x1":87,"x2":939}},
{"cs":[389,394,400,406,411,430,436,441,447,450,468,474,480,485,491,533,539,545,550,553,582,587,593,598,604,632,637,643,648,651,672,679,684,689,695,716,721,727,733,739,757,762,768,774,780],"xs":{"x1":84,"x2":939}},
{"cs":[829,835,840,846,850,868,874,881,886,892,911,917,921,928,934,955,960,966,971,978,1017,1023,1030,1036,1041,1071,1077,1083,1088,1094,1112,1117,1123,1129,1135,1152,1158,1163,1169,1176,1194,1200,1206,1212,1217],"xs":{"x1":82,"x2":940}}],
"bxs":[
[87,295,452,612,773,937],
[84,295,453,612,776,937],
[82,294,453,614,776,938]]},
{"cxs":[
{"cs":[99,105,110,116,121,142,147,150,156,162,181,186,191,197,203,238,244,250,255,259,264,289,295,303,308,312,338,344,350,352,358,378,383,389,394,400,418,424,431,437,442,457,463,468,474,481],"xs":{"x1":83,"x2":935}},
{"cs":[533,539,545,550,553,589,595,601,606,612,643,648,651,657,663,684,690,696,702,707,736,742,748,751,756,781,786,792,798,803],"xs":{"x1":83,"x2":938}},
{"cs":[847,850,856,861,867,934,940,946,950,954,985,990,996,1002],"xs":{"x1":94,"x2":939}},
{"cs":[1053,1058,1064,1070,1076,1140,1146,1150,1154,1161,1191,1197,1203,1208,1214],"xs":{"x1":88,"x2":942}}],
"bxs":[
[83,292,468,645,789,932],
[83,167,209,252,321,405,485,572,640,717,793,935],
[94,288,409,536,669,798,937],
[88,294,456,616,776,939]]},
{"cxs":[
{"cs":[88,95,101,107,111,126,132,137,143,149,160,165,171,178,183,196,202,207,213,218,233,239,244,250,253,294,300,306,311,317,350,355,360,366,372,405,411,416,421,427,448,451,457,462,469,476,496,501,507,513,518,546,550,555,560,566],"xs":{"x1":83,"x2":936}},
{"cs":[631,637,643,649,652,674,682,686,692,698,720,727,733,738,744,791,797,803,808,814,835,841,847,850,855,878,883,889,894,900,927,933,938,944,950,991,997,1003,1008,1014,1042,1048,1051,1057,1062,1088,1093,1099,1105,1110,1143,1149,1151,1157,1163,1193,1199,1204,1210,1216],"xs":{"x1":81,"x2":941}}],
"bxs":[
[83,260,378,534,688,810,933],
[81,253,404,541,682,795,941]]},
{"cxs":[
{"cs":[107,112,117,123,130,150,153,159,165,171,195,201,207,213,218,262,268,274,281,286,305,311,317,321,328,346,350,353,365,384,390,396,402,408,429,435,441,447,460,466,472,551,557,560,566,570,584,590,595,601,607,631,637,642,648,651],"xs":{"x1":83,"x2":937}},
{"cs":[696,702,708,713,718,743,749,752,757,763,787,793,799,804,810,852,858,863,869,876,889,895,901,906,912,928,934,940,945,950,972,979,983,989,995,1015,1019,1026,1032,1037,1049,1052,1057,1063,1069,1091,1096,1102,1107,1113,1128,1136,1139,1145,1150,1171,1177,1183,1188,1194,1213,1218,1223,1230,1236],"xs":{"x1":85,"x2":942}}],
"bxs":[
[83,255,431,598,762,935],
[85,301,459,617,777,938]]},
{"cxs":[
{"cs":[116,121,128,133,139,164,170,177,183,204,210,216,221,228,253,259,264,270,277,294,300,306,311,317,340,346,350,355,361,384,389,395,401,406,426,432,438,444,450,463,469,474,481,486,514,519,524,531,537,550,556,562,568,574,595,601,607,613,617,635,641,647,650,655],"xs":{"x1":85,"x2":938}},
{"cs":[702,707,713,718,724,742,748,751,756,762,780,785,790,796,802,818,824,830,836,842,855,861,867,872,879,897,903,909,914,919,939,945,950,953,959,988,993,999,1005,1010,1036,1042,1047,1050,1056,1082,1087,1093,1099,1104,1132,1137,1143,1149,1152,1172,1179,1184,1189,1195,1210,1216,1221,1227,1233],"xs":{"x1":82,"x2":942}}],
"bxs":[
[85,279,426,494,583,714,798,936],
[82,228,321,461,626,777,939]]},
{"cxs":[
{"cs":[84,90,96,102,107,150,155,161,167,172,206,212,217,222,229],"xs":{"x1":80,"x2":933}},
{"cs":[269,276,282,287,292,309,315,319,326,332,350,355,361,367,373,390,396,402,408,413,451,457,463,469,476,507,513,518,524,530,556,561,567,573,580,596,602,607,613,618,642,647,650,656,662,679,684,689,695,701],"xs":{"x1":87,"x2":937}},
{"cs":[748,751,756,762,768,793,799,804,810,816,833,839,844,850,853,873,880,885,891,897,918,923,930,935,969,974,981,986,991,1016,1021,1028,1034,1039,1061,1067,1073,1082,1084,1107,1114,1118,1123,1130,1150,1156,1161,1167,1173,1193,1199,1205,1210,1216],"xs":{"x1":83,"x2":941}}],
"bxs":[
[80,311,465,629,730,829,931],
[87,229,348,457,588,699,816,934],
[83,237,343,435,539,636,768,941]]},
{"cxs":[
{"cs":[114,119,125,131,137,163,170,175,181,186,207,213,218,224,230,261,266,272,278,283,305,311,317,322,327,345,350,354,360,366,389,395,401,406,412,449,451,457,463,469,475,492,498,504,510,516,543,548,551,557,563,579,584,590,596,602,622,628,634,640,646,665,670,676,682,687],"xs":{"x1":83,"x2":937}},
{"cs":[730,736,742,748,751,771,777,780,785,791,797,820,826,832,838,844,857,863,869,874,880,895,900,906,912,917,934,940,945,950,954],"xs":{"x1":83,"x2":940}},
{"cs":[997,1003,1009,1015,1019,1029,1035,1042,1049,1051,1057,1063,1085,1091,1097,1103,1109,1125,1131,1137,1142,1148,1163,1169,1175,1180,1186,1210,1216,1221,1226,1232],"xs":{"x1":83,"x2":941}}],
"bxs":[
[83,280,369,457,552,662,839,937],
[83,228,371,514,651,794,937],
[83,296,457,619,780,938]]},
{"cxs":[
{"cs":[114,119,125,131,137,143,168,174,180,185,191,219,225,231,237,243,262,268,274,280,285,307,313,318,324,330,361,367,372,378,383],"xs":{"x1":86,"x2":940}},
{"cs":[451,457,462,468,474,513,518,524,530,536],"xs":{"x1":91,"x2":939}},
{"cs":[604,610,616,621,627,654,660,666,672,678,706,712,717,723,728,762,768,774,780,785,808,814,818,824,830,850,856,861,867,873,894,900,906,912,917,960,966,972,977,983,1011,1017,1021,1027,1033,1059,1065,1071,1077,1083,1106,1112,1117,1123,1129,1154,1161,1166,1172,1178,1205,1211,1217,1222,1227],"xs":{"x1":82,"x2":940}}],
"bxs":[
[86,296,451,612,768,938],
[91,296,452,609,769,937],
[82,288,444,561,682,831,938]]},
{"cxs":[
{"cs":[105,110,116,121,127,154,160,166,172,178,196,202,208,214,219,252,258,263,269,275,291,297,303,309,315,330,336,342,347,352,368,374,380,385,391,429,435,440,446,450,476,482,486,492,497,521,527,533,539,544,557,564,569,575,581,600,606,612,617,622,643,648,652,658,664],"xs":{"x1":83,"x2":935}},
{"cs":[699,705,711,716,721,750,754,760,766,772,788,794,800,806,811,840,846,850,856,862,877,883,888,894,899,915,920,925,931,937,950,956,962,967,973,1005,1011,1016,1021,1027,1045,1050,1055,1061,1067,1090,1096,1102,1107,1113,1128,1134,1140,1146,1150,1167,1172,1183,1188,1204,1210,1214,1225],"xs":{"x1":83,"x2":941}}],
"bxs":[
[83,245,373,516,617,772,931],
[83,290,434,599,767,935]]},
{"cxs":[
{"cs":[99,105,111,117,121,136,142,148,152,157,172,178,183,189,195,210,216,220,226,232,246,250,256,261,267,285,291,297,303,309,328,334,339,345,350,399,405,411,417,421,427,452,458,463,469,475,518,524,530,571,577,583,601,607,613,617,623,629],"xs":{"x1":86,"x2":938}},
{"cs":[684,690,696,701,707,723,729,734,740,746,760,766,772,777,783,798,804,810,815,820,836,842,848,851,857,874,880,884,890,896,913,918,923,929,935,955,960,966,972,978,993,999,1005,1010,1016,1049,1053,1061,1066,1070,1087,1093,1098,1104,1109,1115,1144,1149,1153,1159,1164,1193,1199,1205,1211,1216],"xs":{"x1":80,"x2":940}}],
"bxs":[
[86,301,451,608,776,936],
[80,286,438,610,774,937]]},
{"cxs":[
{"cs":[104,110,116,120,126,147,151,157,163,168,188,194,199,205,211,244,250,254,259,265,288,294,299,305,311,329,335,341,347,351,369,375,381,386,391,435,441,447,451,456,486,492,498,504,509,539,544,550,554,584,590,596,601,607,633,639,645,650,655,691,697,702,708,714],"xs":{"x1":83,"x2":934}},
{"cs":[759,1200],"xs":{"x1":83,"x2":942}}],
"bxs":[
[83,303,478,610,693,781,934],
[83,290,461,615,776,942]]},
{"cxs":[
{"cs":[103,109,114,119,125,154,159,165,171,177,201,207,213,217,223,229,270,276,282,286,292,328,334,340,346,350,384,390,395,401,407,429,435,441,447,451,473,479,484,490,496,517,523,529,535,540],"xs":{"x1":88,"x2":935}},
{"cs":[589,594,600,606,612,636,642,648,651,657,681,686,692,697,703,734,739,745,750,755,776,782,787,793,799,819,825,831,837,842,861,867,873,878,883,919,925,931,936,942,973,979,984,990,998,1030,1036,1042,1048,1051,1082,1087,1093,1098,1104,1134,1140,1146,1150,1156,1185,1197,1200,1203,1209],"xs":{"x1":86,"x2":941}}],
"bxs":[
[88,291,452,612,770,933],
[86,292,454,618,775,935]]},
{"cxs":[
{"cs":[111,116,121,127,133,168,174,179,184,190,223,229,235,241,246,298,304,310,316,321,360,366,371,376,419,424,430,436,442,476,482,487,493,498,533,539,544,550,555,590,595,601,607,613],"xs":{"x1":84,"x2":938}},
{"cs":[671,677,682,687,693,725,731,737,743,748,779,784,790,796,801,832,838,844,850,854,901,908,913,918,924,930,960,966,972,977,983,988,1027,1032,1038,1044,1050,1083,1089,1094,1100,1106,1140,1146,1151,1156,1162,1195,1201,1206,1212,1217],"xs":{"x1":83,"x2":938}}],
"bxs":[
[84,299,447,617,781,938],
[83,294,454,617,777,937]]},
{"cxs":[
{"cs":[125,130,136,142,148,176,181,186,192,198,224,230,236,241,247,275,281,286,291,297,320,326,332,338,343,373,379,384,390,395,425,431,436,442,488,493,499,505,511,537,543,549,554,559,601,607,613,618,623,654,660,665,671,677,707,713,718,724,729,759,765,771,777,783],"xs":{"x1":82,"x2":937}},
{"cs":[845,850,856,861,867,910,916,921,927,933,938,944,978,983,989,995,1001],"xs":{"x1":84,"x2":937}},
{"cs":[1068,1074,1079,1085,1090,1141,1147,1152,1157,1163,1199,1205,1211,1217,1222],"xs":{"x1":83,"x2":937}}],
"bxs":[
[82,294,395,533,630,769,937],
[84,368,575,746,935],
[83,336,439,538,638,733,832,935]]},
{"cxs":[
{"cs":[113,270],"xs":{"x1":81,"x2":931}},
{"cs":[335,341,346,351,357,363,401,407,413,418,423],"xs":{"x1":84,"x2":932}},
{"cs":[490,1209],"xs":{"x1":83,"x2":940}}],
"bxs":[
[81,227,319,408,496,587,752,931],
[84,296,513,690,930],
[83,265,378,494,620,745,843,940]]}]
